rows=1050
feasible=125
best={'stage': 'stage1', 'hidden': 88, 'epochs': 500, 'lr': 0.021, 'weight_decay': 0.0002, 'target_gt': 0.01, 'seed': 440, 'tag': 'incumbent', 'alpha': 15, 'threshold': 0.6, 'alloc': 0.9998, 'gap_min': -0.001, 'gap_max': 0.0255, 'ret_pct': 3055.384797133972, 'dd_pct': 16.01910595150687, 'trades': 64, 'obj': 3055.384797133972}
csv=reports/search_npz_adaptive_v4.csv

[top20_feasible]
 stage  hidden  epochs    lr  weight_decay  target_gt  seed       tag  alpha  threshold  alloc  gap_min  gap_max     ret_pct    dd_pct  trades         obj
stage1      88     500 0.021        0.0002       0.01   440 incumbent     15       0.60 0.9998  -0.0010   0.0255 3055.384797 16.019106      64 3055.384797
stage2      88     500 0.021        0.0002       0.01   440 incumbent     15       0.64 0.9998  -0.0005   0.0255 3055.384797 16.019106      64 3055.384797
stage2      88     500 0.021        0.0002       0.01   440 incumbent     15       0.62 0.9998  -0.0010   0.0265 3055.384797 16.019106      64 3055.384797
stage2      88     500 0.021        0.0002       0.01   440 incumbent     15       0.62 0.9998  -0.0005   0.0255 3055.384797 16.019106      64 3055.384797
stage2      88     500 0.021        0.0002       0.01   440 incumbent     15       0.62 0.9998  -0.0005   0.0265 3055.384797 16.019106      64 3055.384797
stage1      88     500 0.021        0.0002       0.01   440 incumbent     15       0.62 0.9998  -0.0010   0.0255 3055.384797 16.019106      64 3055.384797
stage2      88     500 0.021        0.0002       0.01   440 incumbent     15       0.60 0.9998  -0.0005   0.0265 3055.384797 16.019106      64 3055.384797
stage2      88     500 0.021        0.0002       0.01   440 incumbent     15       0.60 0.9998  -0.0005   0.0255 3055.384797 16.019106      64 3055.384797
stage2      88     500 0.021        0.0002       0.01   440 incumbent     15       0.64 0.9998  -0.0010   0.0255 3055.384797 16.019106      64 3055.384797
stage2      88     500 0.021        0.0002       0.01   440 incumbent     15       0.64 0.9998  -0.0010   0.0265 3055.384797 16.019106      64 3055.384797
stage2      88     500 0.021        0.0002       0.01   440 incumbent     15       0.64 0.9998  -0.0005   0.0265 3055.384797 16.019106      64 3055.384797
stage2      88     500 0.021        0.0002       0.01   440 incumbent     15       0.60 0.9998  -0.0010   0.0265 3055.384797 16.019106      64 3055.384797
stage2      88     500 0.021        0.0002       0.01   440 incumbent     15       0.60 0.9998  -0.0010   0.0255 3055.384797 16.019106      64 3055.384797
stage2      88     500 0.021        0.0002       0.01   440 incumbent     15       0.66 0.9998  -0.0010   0.0255 3055.384797 16.019106      64 3055.384797
stage2      88     500 0.021        0.0002       0.01   440 incumbent     15       0.66 0.9998  -0.0010   0.0265 3055.384797 16.019106      64 3055.384797
stage2      88     500 0.021        0.0002       0.01   440 incumbent     15       0.66 0.9998  -0.0005   0.0255 3055.384797 16.019106      64 3055.384797
stage2      88     500 0.021        0.0002       0.01   440 incumbent     15       0.66 0.9998  -0.0005   0.0265 3055.384797 16.019106      64 3055.384797
stage1      88     500 0.021        0.0002       0.01   440 incumbent     15       0.64 0.9998  -0.0005   0.0265 3055.384797 16.019106      64 3055.384797
stage2      88     500 0.021        0.0002       0.01   440 incumbent     15       0.62 0.9998  -0.0010   0.0255 3055.384797 16.019106      64 3055.384797
stage2      88     500 0.021        0.0002       0.01   440 incumbent     15       0.62 0.9980  -0.0005   0.0255 3054.169147 15.970330      64 3054.169147
