rounds=100
rows=3000
feasible=1093
best={'round': 1, 'stage': 'fixedhp100_v16', 'hidden': 88, 'epochs': 500, 'lr': 0.021, 'weight_decay': 0.0002, 'target_gt': 0.01, 'seed': 440, 'tag': 'incumbent', 'score_base_start': '2025-02-01', 'alpha': 15, 'sell_rule': 'loss_rebound_t3', 'top_k': 3, 'threshold': 0.62, 'alloc': 0.9998, 'gap_min': -0.001, 'gap_max': 0.0255, 'max_broken_rate': 0.412, 'min_red_rate': 0.287, 'max_limit_down': 10, 'max_pullback': 0.065, 'ret_pct': 3091.114719633972, 'dd_pct': 16.01910595150687, 'trades': 63, 'obj': 3091.114719633972}
current_best_ret=3091.114720
delta_vs_current_best=0.000000
csv=reports/search_npz_100round_fixedhp_v16.csv

[round_summary]
 round  hp_count  cfg_count  round_best_ret  round_best_obj
     1         5          6      3091.11472      3091.11472
     2         5          6      3091.11472      3091.11472
     3         5          6      3091.11472      3091.11472
     4         5          6      3091.11472      3091.11472
     5         5          6      3091.11472      3091.11472
     6         5          6      3091.11472      3091.11472
     7         5          6      3091.11472      3091.11472
     8         5          6      3091.11472      3091.11472
     9         5          6      3091.11472      3091.11472
    10         5          6      3091.11472      3091.11472
    11         5          6      3091.11472      3091.11472
    12         5          6      3091.11472      3091.11472
    13         5          6      3091.11472      3091.11472
    14         5          6      3091.11472      3091.11472
    15         5          6      3091.11472      3091.11472
    16         5          6      3091.11472      3091.11472
    17         5          6      3091.11472      3091.11472
    18         5          6      3091.11472      3091.11472
    19         5          6      3091.11472      3091.11472
    20         5          6      3091.11472      3091.11472
    21         5          6      3091.11472      3091.11472
    22         5          6      3091.11472      3091.11472
    23         5          6      3091.11472      3091.11472
    24         5          6      3091.11472      3091.11472
    25         5          6      3091.11472      3091.11472
    26         5          6      3091.11472      3091.11472
    27         5          6      3091.11472      3091.11472
    28         5          6      3091.11472      3091.11472
    29         5          6      3091.11472      3091.11472
    30         5          6      3091.11472      3091.11472
    31         5          6      3091.11472      3091.11472
    32         5          6      3091.11472      3091.11472
    33         5          6      3091.11472      3091.11472
    34         5          6      3091.11472      3091.11472
    35         5          6      3091.11472      3091.11472
    36         5          6      3091.11472      3091.11472
    37         5          6      3091.11472      3091.11472
    38         5          6      3091.11472      3091.11472
    39         5          6      3091.11472      3091.11472
    40         5          6      3091.11472      3091.11472
    41         5          6      3091.11472      3091.11472
    42         5          6      3091.11472      3091.11472
    43         5          6      3091.11472      3091.11472
    44         5          6      3091.11472      3091.11472
    45         5          6      3091.11472      3091.11472
    46         5          6      3091.11472      3091.11472
    47         5          6      3091.11472      3091.11472
    48         5          6      3091.11472      3091.11472
    49         5          6      3091.11472      3091.11472
    50         5          6      3091.11472      3091.11472
    51         5          6      3091.11472      3091.11472
    52         5          6      3091.11472      3091.11472
    53         5          6      3091.11472      3091.11472
    54         5          6      3091.11472      3091.11472
    55         5          6      3091.11472      3091.11472
    56         5          6      3091.11472      3091.11472
    57         5          6      3091.11472      3091.11472
    58         5          6      3091.11472      3091.11472
    59         5          6      3091.11472      3091.11472
    60         5          6      3091.11472      3091.11472
    61         5          6      3091.11472      3091.11472
    62         5          6      3091.11472      3091.11472
    63         5          6      3091.11472      3091.11472
    64         5          6      3091.11472      3091.11472
    65         5          6      3091.11472      3091.11472
    66         5          6      3091.11472      3091.11472
    67         5          6      3091.11472      3091.11472
    68         5          6      3091.11472      3091.11472
    69         5          6      3091.11472      3091.11472
    70         5          6      3091.11472      3091.11472
    71         5          6      3091.11472      3091.11472
    72         5          6      3091.11472      3091.11472
    73         5          6      3091.11472      3091.11472
    74         5          6      3091.11472      3091.11472
    75         5          6      3091.11472      3091.11472
    76         5          6      3091.11472      3091.11472
    77         5          6      3091.11472      3091.11472
    78         5          6      3091.11472      3091.11472
    79         5          6      3091.11472      3091.11472
    80         5          6      3091.11472      3091.11472
    81         5          6      3091.11472      3091.11472
    82         5          6      3091.11472      3091.11472
    83         5          6      3091.11472      3091.11472
    84         5          6      3091.11472      3091.11472
    85         5          6      3091.11472      3091.11472
    86         5          6      3091.11472      3091.11472
    87         5          6      3091.11472      3091.11472
    88         5          6      3091.11472      3091.11472
    89         5          6      3091.11472      3091.11472
    90         5          6      3091.11472      3091.11472
    91         5          6      3091.11472      3091.11472
    92         5          6      3091.11472      3091.11472
    93         5          6      3091.11472      3091.11472
    94         5          6      3091.11472      3091.11472
    95         5          6      3091.11472      3091.11472
    96         5          6      3091.11472      3091.11472
    97         5          6      3091.11472      3091.11472
    98         5          6      3091.11472      3091.11472
    99         5          6      3091.11472      3091.11472
   100         5          6      3091.11472      3091.11472

[top20_feasible]
 round          stage  hidden  epochs     lr  weight_decay  target_gt  seed       tag score_base_start  alpha       sell_rule  top_k  threshold  alloc  gap_min  gap_max  max_broken_rate  min_red_rate  max_limit_down  max_pullback    ret_pct    dd_pct  trades        obj
     1 fixedhp100_v16      88     500 0.0210       0.00020       0.01   440 incumbent       2025-02-01     15 loss_rebound_t3      3       0.62 0.9998  -0.0010   0.0255            0.412         0.287              10         0.065 3091.11472 16.019106      63 3091.11472
    65 fixedhp100_v16      88     520 0.0205       0.00020       0.01   440  tie_e520       2025-03-01     15 loss_rebound_t3      3       0.64 0.9998  -0.0005   0.0255            0.406         0.287              10         0.060 3091.11472 16.019106      63 3091.11472
    65 fixedhp100_v16      88     500 0.0210       0.00016       0.01   440  tie_wd16       2025-03-01     15 loss_rebound_t3      3       0.64 0.9998  -0.0005   0.0255            0.406         0.287              10         0.060 3091.11472 16.019106      63 3091.11472
    65 fixedhp100_v16      88     500 0.0215       0.00022       0.01   440 tie_lr215       2025-02-01     15 loss_rebound_t3      3       0.62 0.9998  -0.0010   0.0255            0.412         0.287              10         0.065 3091.11472 16.019106      63 3091.11472
    65 fixedhp100_v16      88     500 0.0215       0.00022       0.01   440 tie_lr215       2025-03-01     15 loss_rebound_t3      3       0.64 0.9998  -0.0005   0.0255            0.406         0.287              10         0.060 3091.11472 16.019106      63 3091.11472
    65 fixedhp100_v16      88     480 0.0220       0.00020       0.01   440 local_alt       2025-02-01     15 loss_rebound_t3      3       0.62 0.9998  -0.0010   0.0255            0.412         0.287              10         0.065 3091.11472 16.019106      63 3091.11472
    65 fixedhp100_v16      88     480 0.0220       0.00020       0.01   440 local_alt       2025-03-01     15 loss_rebound_t3      3       0.64 0.9998  -0.0005   0.0255            0.406         0.287              10         0.060 3091.11472 16.019106      63 3091.11472
    66 fixedhp100_v16      88     500 0.0210       0.00020       0.01   440 incumbent       2025-02-01     15 loss_rebound_t3      3       0.62 0.9998  -0.0010   0.0255            0.412         0.287              10         0.065 3091.11472 16.019106      63 3091.11472
    66 fixedhp100_v16      88     500 0.0210       0.00020       0.01   440 incumbent       2025-03-01     15 loss_rebound_t3      3       0.64 0.9998  -0.0005   0.0255            0.406         0.287              10         0.060 3091.11472 16.019106      63 3091.11472
    66 fixedhp100_v16      88     520 0.0205       0.00020       0.01   440  tie_e520       2025-02-01     15 loss_rebound_t3      3       0.62 0.9998  -0.0010   0.0255            0.412         0.287              10         0.065 3091.11472 16.019106      63 3091.11472
    66 fixedhp100_v16      88     520 0.0205       0.00020       0.01   440  tie_e520       2025-03-01     15 loss_rebound_t3      3       0.64 0.9998  -0.0005   0.0255            0.406         0.287              10         0.060 3091.11472 16.019106      63 3091.11472
    66 fixedhp100_v16      88     500 0.0210       0.00016       0.01   440  tie_wd16       2025-02-01     15 loss_rebound_t3      3       0.62 0.9998  -0.0010   0.0255            0.412         0.287              10         0.065 3091.11472 16.019106      63 3091.11472
    66 fixedhp100_v16      88     500 0.0210       0.00016       0.01   440  tie_wd16       2025-03-01     15 loss_rebound_t3      3       0.64 0.9998  -0.0005   0.0255            0.406         0.287              10         0.060 3091.11472 16.019106      63 3091.11472
    66 fixedhp100_v16      88     500 0.0215       0.00022       0.01   440 tie_lr215       2025-02-01     15 loss_rebound_t3      3       0.62 0.9998  -0.0010   0.0255            0.412         0.287              10         0.065 3091.11472 16.019106      63 3091.11472
    66 fixedhp100_v16      88     500 0.0215       0.00022       0.01   440 tie_lr215       2025-03-01     15 loss_rebound_t3      3       0.64 0.9998  -0.0005   0.0255            0.406         0.287              10         0.060 3091.11472 16.019106      63 3091.11472
    66 fixedhp100_v16      88     480 0.0220       0.00020       0.01   440 local_alt       2025-02-01     15 loss_rebound_t3      3       0.62 0.9998  -0.0010   0.0255            0.412         0.287              10         0.065 3091.11472 16.019106      63 3091.11472
    66 fixedhp100_v16      88     480 0.0220       0.00020       0.01   440 local_alt       2025-03-01     15 loss_rebound_t3      3       0.64 0.9998  -0.0005   0.0255            0.406         0.287              10         0.060 3091.11472 16.019106      63 3091.11472
    67 fixedhp100_v16      88     500 0.0210       0.00020       0.01   440 incumbent       2025-02-01     15 loss_rebound_t3      3       0.62 0.9998  -0.0010   0.0255            0.412         0.287              10         0.065 3091.11472 16.019106      63 3091.11472
    67 fixedhp100_v16      88     500 0.0210       0.00020       0.01   440 incumbent       2025-03-01     15 loss_rebound_t3      3       0.64 0.9998  -0.0005   0.0255            0.406         0.287              10         0.060 3091.11472 16.019106      63 3091.11472
    67 fixedhp100_v16      88     520 0.0205       0.00020       0.01   440  tie_e520       2025-02-01     15 loss_rebound_t3      3       0.62 0.9998  -0.0010   0.0255            0.412         0.287              10         0.065 3091.11472 16.019106      63 3091.11472
